1.614839125869455660e+00 -2.222635377316191985e+00 6.314041327938574311e-01 -7.105427357601002199e-19 -3.059016994374947826e-02 -4.949593469062210649e-02
7.211008376826283373e-01 -2.691184963612046843e+00 -1.330309093947719123e-01 -2.022542485937368559e-02 0.000000000000000000e+00 -5.295084971874738228e-02
1.641111751321921997e+00 -1.445848477730680370e+00 -7.147131856050517595e-02 -3.272542485937367934e-02 -3.272542485937367934e-02 -3.272542485937367934e-02
1.935660154908380060e+00 0.000000000000000000e+00 0.000000000000000000e+00 0.000000000000000000e+00 -5.295084971874737534e-02 -2.022542485937368559e-02
1.641111751321921775e+00 1.445848477730680370e+00 7.147131856050548127e-02 3.272542485937367934e-02 -3.272542485937368628e-02 -3.272542485937367934e-02
7.211008376826282262e-01 2.691184963612046843e+00 1.330309093947719123e-01 2.022542485937368559e-02 0.000000000000000000e+00 -5.295084971874737534e-02
3.332033769989112271e-01 -2.103763326221715690e+00 -1.857730498764461335e-01 -4.949593469062211343e-02 0.000000000000000000e+00 -3.059016994374947826e-02
1.157411981539319568e+00 -1.073981314192703262e+00 3.050955848383324898e-01 -3.059016994374947826e-02 -4.949593469062211343e-02 7.105427357601002199e-19
1.600285320220700802e+00 1.924865468249747080e-01 6.775809444539955262e-01 3.059016994374947826e-02 -4.949593469062210649e-02 7.105427357601002199e-19
1.604140860599817975e+00 1.604140860599817531e+00 8.943671063274631905e-01 4.949593469062211343e-02 7.105427357601002199e-19 -3.059016994374947826e-02
-8.867596610843746507e-01 -2.729165610350486659e+00 -7.752987570705019982e-01 0.000000000000000000e+00 3.059016994374947826e-02 -4.949593469062210649e-02
1.035523154288224390e+00 -1.214475797489286801e+00 -5.340053157629754965e-01 -5.295084971874737534e-02 -2.022542485937368559e-02 0.000000000000000000e+00
1.205932498681413501e+00 0.000000000000000000e+00 0.000000000000000000e+00 0.000000000000000000e+00 -5.295084971874737534e-02 2.022542485937368559e-02
1.035523154288224390e+00 1.214475797489286801e+00 5.340053157629754965e-01 5.295084971874737534e-02 -2.022542485937368559e-02 0.000000000000000000e+00
4.760111394625473613e-01 2.364879883865822041e+00 1.039838283921353579e+00 3.272542485937368628e-02 3.272542485937367934e-02 -3.272542485937367934e-02
4.760111394625470838e-01 -2.364879883865822041e+00 -1.039838283921353801e+00 -3.272542485937367934e-02 3.272542485937367934e-02 -3.272542485937368628e-02
8.004470268754573237e-01 -5.322060431745112563e-01 -3.664239980716200717e-01 -3.272542485937368628e-02 -3.272542485937367934e-02 3.272542485937367934e-02
8.004470268754574347e-01 5.322060431745112563e-01 3.664239980716200717e-01 3.272542485937367934e-02 -3.272542485937367934e-02 3.272542485937367934e-02
5.628566536567155554e-01 1.585287119153982793e+00 1.091470590651239858e+00 5.295084971874738228e-02 2.022542485937368559e-02 0.000000000000000000e+00
0.000000000000000000e+00 2.587595144986918783e+00 1.781559925102011332e+00 0.000000000000000000e+00 5.295084971874737534e-02 -2.022542485937368559e-02
5.628566536567155554e-01 -1.585287119153982793e+00 -1.091470590651239636e+00 -5.295084971874737534e-02 2.022542485937368559e-02 0.000000000000000000e+00
5.535743588970453155e-01 -1.006945892908416462e-16 0.000000000000000000e+00 7.105427357601002199e-19 -3.059016994374947826e-02 4.949593469062211343e-02
4.780463097855974786e-01 9.382187097031835510e-01 8.574260092535872513e-01 4.949593469062211343e-02 7.105427357601002199e-19 3.059016994374947826e-02
2.244615334000897577e-01 1.866117413291278782e+00 1.705420697678439623e+00 3.059016994374947826e-02 4.949593469062211343e-02 0.000000000000000000e+00
2.244615334000900075e-01 -1.866117413291279448e+00 -1.705420697678439401e+00 -3.059016994374947826e-02 4.949593469062210649e-02 7.105427357601002199e-19
4.780463097855972565e-01 -9.382187097031835510e-01 -8.574260092535872513e-01 -4.949593469062210649e-02 0.000000000000000000e+00 3.059016994374947826e-02
9.551130152552718411e-02 3.564530299902979316e-01 5.177238872646723333e-01 2.022542485937368559e-02 0.000000000000000000e+00 5.295084971874737534e-02
6.763476059632958504e-02 1.069252871891464673e+00 1.553017387226674151e+00 3.272542485937368628e-02 3.272542485937367934e-02 3.272542485937367934e-02
0.000000000000000000e+00 1.781559925102011332e+00 2.587595144986918783e+00 0.000000000000000000e+00 5.295084971874737534e-02 2.022542485937368559e-02
6.763476059632947401e-02 -1.069252871891464673e+00 -1.553017387226673929e+00 -3.272542485937367934e-02 3.272542485937368628e-02 3.272542485937367934e-02
9.551130152552704533e-02 -3.564530299902979871e-01 -5.177238872646723333e-01 -2.022542485937368559e-02 0.000000000000000000e+00 5.295084971874737534e-02
-5.350571385934910218e-01 -1.738506029390451957e-01 -6.119796820940781590e-01 7.105427357601002199e-19 3.059016994374947826e-02 4.949593469062211343e-02
