-5.014127207396901209e-01 1.130855651242739457e+00 -8.657953653496814894e-01 -1.254599214501948279e-01 -5.588617494656561435e-02 9.714448997677597175e-01
-5.004727678202740559e-01 1.131955355006647013e+00 -8.638631740697347849e-01 -1.255299224391792923e-01 -5.606919558300040018e-02 9.721257957591054044e-01
-5.015735935526742795e-01 1.130147693491002858e+00 -8.666128651383147030e-01 -1.255749030053369686e-01 -5.589214823257967341e-02 9.719682482246758681e-01
-5.012297741299809317e-01 1.129756763909581796e+00 -8.664213296260131481e-01 -1.255879014158505225e-01 -5.590243390651748745e-02 9.718943341391910185e-01
-4.962852778023820188e-01 1.132542434915521756e+00 -8.620471283872501722e-01 -1.256791538698419641e-01 -5.621820744545422133e-02 9.727135620895380752e-01
-5.016063896324374216e-01 1.131163842832195510e+00 -8.650310610281154444e-01 -1.254312663153524521e-01 -5.580722116698204338e-02 9.712620389543715760e-01
-4.615255632827637844e-01 1.091763816948291277e+00 -7.865133735261703452e-01 -1.206440640172118106e-01 -5.727286523920255973e-02 9.727450409634837980e-01
-1.229169545549196746e-01 1.357419415863823753e+00 -3.760961505823712248e-01 -8.952690196995398419e-02 -7.574662465643876297e-02 9.285449300895645131e-01
6.302074247080809155e-02 1.467339927521738474e+00 -1.792959911456488697e-01 -6.582479956131159771e-02 -7.626404556336517648e-02 9.279010176127829856e-01
1.613630603519861095e-01 1.616631007194537561e+00 1.193177109002845904e-01 -5.004906653430566538e-02 -4.624233637899803628e-02 9.137118071820120591e-01
4.418033934008744334e-01 1.829643348954639981e+00 5.523718528674218531e-01 -3.799670617548236984e-02 -3.030062071451873618e-02 9.079983694297987240e-01
9.003545412581547280e-01 1.947198461932619695e+00 1.062190655808139317e+00 -2.618493092978501496e-02 -3.707349768379727267e-02 9.070769111872660773e-01
1.134302747276033196e+00 2.050788568311847637e+00 1.592892139543587549e+00 -3.161559352275981200e-02 -4.358217232621613285e-02 9.116078785170971255e-01
-1.274953637527026951e+00 -1.442952046521593479e+00 -1.745885247395748241e+00 -2.509962217542699783e-02 -3.512780456525643746e-02 9.083373869938704548e-01
-1.123784368676556067e+00 -1.009916348376611372e+00 -1.509342787632392158e+00 -3.195194844484952612e-02 -2.626097573697961166e-02 9.052217059655670583e-01
-9.978303096561281782e-01 -4.292333304959830009e-01 -1.174772116020739610e+00 -3.165787615053401727e-02 -2.064563496857821367e-02 8.991596412524235360e-01
-1.079209878466161676e+00 -1.491582314627737660e-01 -9.341081784993712223e-01 -3.929006210817624634e-02 -1.998862717745742215e-02 8.834814659827703309e-01
-1.140837196261188735e+00 3.103207269207514662e-01 -7.576383036987482944e-01 -3.317534213975715379e-02 -2.013796512153057799e-02 8.472386365051572943e-01
-1.167692234655123729e+00 6.101143519643212887e-01 -6.405372378251893428e-01 -3.020618805443612415e-02 -2.890042842069585546e-02 8.125496401492382503e-01
-8.759916064279975600e-01 1.006551259172729473e+00 -5.142452554677438004e-01 -1.113462411972248808e-02 -2.453883699575941379e-02 8.127250825598918427e-01
-7.480227763107597516e-01 1.198306968224442492e+00 -3.719660636133460541e-01 2.605502071709311441e-04 -5.387843570976223566e-03 7.947471575217669448e-01
-3.843719215164974612e-01 1.632063332657769594e+00 -1.010187739537760782e-01 -7.710948486986348403e-03 1.120417591826396685e-02 7.836606599985094235e-01
-1.863602967108526909e-01 1.871509990580044303e+00 3.153937073477208752e-02 -2.525855960336279710e-02 2.247927346543739102e-02 7.719186295507893814e-01
2.686237171378787481e-01 2.192161923900806109e+00 2.607622669487923983e-01 -2.941213255734769980e-02 1.041105672501695632e-02 7.575988362558925271e-01
6.106057432667957308e-01 2.468488942211320314e+00 2.652675508502925772e-01 -3.564559515145445528e-02 -6.937510646703771294e-03 7.378772090648555437e-01
1.051960104255048600e+00 2.552298085951803408e+00 5.117730427286014683e-01 -3.484378564140275941e-02 -1.193096458392567220e-02 7.539100722453161429e-01
-1.674430242198052365e+00 -2.494812984790550914e+00 -7.298501280040614603e-01 -3.985005858154918451e-02 -1.795184011259606457e-02 7.484383950368153071e-01
-1.866518119906171114e+00 -1.612534754670262416e+00 -7.836629659946992010e-01 -4.513386420943384103e-02 -1.417593128230758281e-02 7.530967929943711558e-01
-1.956574557585146978e+00 -9.218876684735222149e-01 -7.240679360299139278e-01 -4.681603836570063376e-02 -1.968281286827379059e-02 7.429388176031036517e-01
-1.945791273410163447e+00 -7.105699353311137889e-01 -6.966802060640211458e-01 -4.369739907897016856e-02 -1.154734024145815871e-02 7.525694226354632255e-01
-2.023620334704145041e+00 -4.898088294366772510e-01 -6.736575675110574313e-01 -3.272955112882493245e-02 -4.021489174960559548e-03 7.486761695453575394e-01
-2.182425679363453774e+00 -1.305263497858173971e-01 -6.209802435640330298e-01 -3.635871111572062941e-02 -2.255003120093478086e-02 7.433415857918646008e-01
-2.020579768859254166e+00 6.359257988109027204e-01 -6.140801906755339878e-01 -4.143924844881936159e-02 -3.015669520333632420e-02 7.426983774800010041e-01
-1.846576469925486741e+00 1.053625216066198744e+00 -5.006897077962715326e-01 -5.651732524667470864e-02 -2.308042201300142607e-02 7.459277871271502436e-01
-1.641462284475082134e+00 1.637573106502312026e+00 -4.578743712541291644e-01 -7.001900086618449703e-02 -3.241522805180672984e-02 7.412028965210338827e-01
-1.251108271287156626e+00 2.202109459177807427e+00 -4.222203845917328335e-01 -8.299396974635495083e-02 -3.537943640643752274e-02 7.445338094946779561e-01
-1.025909551555834076e+00 2.207510677588830017e+00 -3.952752960091546197e-01 -5.157396341063757994e-02 -1.623527943784539365e-02 7.462885460609098853e-01
-1.116201381757896544e-01 2.758920125309967997e+00 -2.872528916456005277e-01 -4.082638871469497499e-02 -2.108556707024520846e-02 7.417810061068210725e-01
-7.926604346887338171e-01 -3.035984525589792593e+00 3.241055332363923513e-01 -5.988853397650797938e-02 -3.268546813347868174e-02 7.417103836720001508e-01
-1.465400442297851047e+00 -2.541512540620288085e+00 1.238481023516647128e-01 -5.205966713276118096e-02 -4.143486860445990544e-02 7.395118255403343444e-01
-1.826922754609010102e+00 -2.056314185546434192e+00 -1.445103941191194230e-01 -3.775952268774214471e-02 -1.349941339642372895e-02 7.433520601819961771e-01
-2.153194472805514348e+00 -1.143736177329738313e+00 -1.393544873126525419e-01 -5.102243509947088085e-02 -1.478774597853653450e-02 7.260665171937660256e-01
-2.219789545878334991e+00 -4.345905829482944460e-01 -1.738660105372796805e-01 -5.905238348338375659e-02 -1.354754767575090495e-02 7.283478466651295280e-01
-2.085284877669865811e+00 5.152658041282931478e-01 -1.528976077403031153e-01 -7.048413845346890305e-02 -1.248766274339847132e-02 7.247844921883301872e-01
-1.756990133780654384e+00 1.310165349646928545e+00 -2.199295963398844311e-01 -5.499413629627773054e-02 -2.156358194352831284e-02 7.227231019596273009e-01
-1.358004608974258565e+00 1.943741553619361406e+00 -1.292075237535254550e-01 -6.882069861431976132e-02 -2.228183050887314748e-02 7.332987322110257056e-01
-7.811015425956716607e-01 2.483083727756954406e+00 -5.903646923835988158e-02 -7.526403444576337809e-02 -2.415026769514066682e-02 7.378214525361116438e-01
-1.927610584171287611e-01 2.777856027604528766e+00 2.487567194851330876e-01 -7.581740441774575956e-02 -1.684627679216048335e-02 7.466791027825421256e-01
1.565290895821356276e-01 2.761710672373367981e+00 6.168743542961838688e-01 -7.254085527217833673e-02 -9.103219858878991433e-03 7.650874833912650885e-01
-9.176754233788144699e-01 -2.567892198055789166e+00 -1.173724680268292575e+00 -7.369153071334398619e-02 3.173126385360037788e-03 7.862407340355673790e-01
-1.214266662334674285e+00 -1.900038000468511790e+00 -1.252609383901646556e+00 -5.932262639316589897e-02 4.953560096020800550e-04 7.939791489642444855e-01
-1.354788751317441031e+00 -1.182978585998396115e+00 -1.099256896528595595e+00 -5.773010259541065670e-02 2.830472685185227676e-03 7.724914735065327998e-01
-1.160924304235832372e+00 -5.707362627297356550e-01 -8.776159415314894741e-01 -6.428312901645859279e-02 7.010200503760880518e-03 7.801204158092721608e-01
-8.994926137662917487e-01 1.721095691562965213e-01 -5.560899664315185342e-01 -4.749531816555402353e-02 4.071445469131279755e-03 7.800739924126911529e-01
-5.453800065195874014e-01 1.037736938928466968e+00 2.222918150858393949e-01 -6.534124738415558742e-02 1.453065885073151660e-02 7.749422438079941466e-01
-2.788189310768174889e-01 1.417745986987267282e+00 5.515070365923324669e-01 -5.453401467888569637e-02 1.235796866714843067e-02 7.654179490905829164e-01
9.609392704460315016e-02 1.922619551810866634e+00 1.195803650098571369e+00 -5.974962340624467849e-02 1.710893726209160651e-02 7.589013552093618609e-01
4.406762567188775015e-01 2.145131913456439054e+00 1.855479112840877853e+00 -6.274431259952388540e-02 2.151645732686386855e-02 7.686002076423025242e-01
-7.375677467130800080e-01 -1.783105307342657264e+00 -1.688979915307972979e+00 -6.493612074880701635e-02 2.019821500234354403e-02 7.510234133866706685e-01
-6.895224462593245729e-01 -9.527208662257659055e-01 -1.241544746290206280e+00 -6.636605289279182140e-02 1.714940783585926914e-02 7.581619072841824236e-01
-6.218129715618061493e-01 -4.868588505422871693e-01 -7.686147823726188211e-01 -7.761637806945452522e-02 2.115959852620462323e-02 7.483962597811790740e-01
-3.915067147244255530e-01 4.145949970188061995e-01 3.987232751423679111e-02 -7.030645336663821077e-02 1.283272519621940846e-02 7.559728764980977456e-01
-2.108286944220553183e-01 9.958212443138417802e-01 7.852657484060534543e-01 -7.841028720390677553e-02 2.166731805544550721e-02 7.483680973868140907e-01
9.240944441238071322e-03 1.594948165582065869e+00 1.528385879798896507e+00 -7.424945216436261430e-02 2.281527376385108011e-02 7.505105681587541655e-01
-4.635094399853164626e-01 -2.014974692105731879e+00 -2.228383381356641380e+00 -4.817468741962166456e-02 5.817692936807637282e-04 7.490942460510827683e-01
-4.906595777031529937e-01 -1.401381485036539587e+00 -1.813800092286815158e+00 -4.037433971359893209e-02 -9.050429771033801502e-03 7.631874304660499764e-01
-4.573736122664892600e-01 -6.485899680368829578e-01 -1.075711860720601321e+00 -3.921123064178540230e-02 -6.263916632648186024e-03 7.759932657656675170e-01
-4.149416096435415424e-01 -4.018263243288566211e-01 -7.278874413110019148e-01 -4.945921909896692364e-02 1.215938252051247670e-02 7.715269492067835522e-01
-6.692841051038505018e-01 -4.053145179960995076e-04 -4.130896263806807522e-01 -5.380590369861486949e-02 3.743998589800263954e-02 7.538161202790730764e-01
-7.714115492694592069e-01 6.284649753312051557e-01 -1.461786239056136194e-01 -3.703982941447833688e-02 3.968334370321247723e-02 7.286470755059302196e-01
-9.688587895201641320e-01 1.021404735096345329e+00 -1.228453783766629420e-01 -4.439437030470155116e-02 3.154950520838747247e-02 7.222697143250130791e-01
-9.112918140707895187e-01 1.217497074630035092e+00 -2.380019165189692643e-01 -2.787202575516134831e-02 2.600379477642449089e-02 7.274038226746353253e-01
-4.095932615437141711e-01 1.971231813460935678e+00 -1.927476489665300510e-02 -2.837363752533383909e-02 2.714352581560491168e-02 7.173049379707984174e-01
2.250545499529816584e-01 2.455210735524691934e+00 1.020044651042360945e-01 -2.457526400153436930e-02 1.283622571862673943e-02 6.840642969849900501e-01
9.465082900169684565e-01 2.680745077773256213e+00 3.372305577749236116e-01 -2.390125713133583324e-02 1.404888377036494357e-02 6.798759749390431706e-01
1.162984931926940524e+00 2.709567244738142033e+00 3.570741391055972519e-02 -3.224869962687159503e-02 -4.659063646454862477e-03 6.829288860982719589e-01
-1.608962145329391191e+00 -2.565633805243926702e+00 -3.992988691816492380e-02 -5.121648901617349703e-02 -1.175303956091812950e-02 6.888504097269619875e-01
-1.979510096437942845e+00 -2.056678553554971867e+00 -2.007374239670565164e-01 -4.800772607087065019e-02 -8.018278404964275866e-03 6.912724776886470801e-01
-2.247809374212820011e+00 -1.324738007169978582e+00 -3.451573757930967989e-01 -4.770770663301693998e-02 -1.094655198148950827e-02 6.937016101091811882e-01
-2.307733499868771521e+00 -7.192020091439024210e-01 -4.071580445578100727e-01 -5.518480040503593448e-02 -6.911140601435500005e-03 6.976039415614442296e-01
-2.305293270559778840e+00 7.796838757705676359e-02 -4.211122054519507718e-01 -6.847433517926815316e-02 -6.014403289616197107e-03 6.895211722244033448e-01
-2.044583750707857028e+00 8.773861707030033985e-01 -4.788286628201636752e-01 -6.436653433347111486e-02 -9.437123951770921143e-03 6.867043186812830102e-01
-1.731675850288902918e+00 1.519035039036362056e+00 -4.697802805876511445e-01 -6.207667293119117219e-02 -2.344709663391602097e-02 6.836758265750526586e-01
-1.530986916316809943e+00 1.975411601564806219e+00 -4.616176917185574879e-01 -8.045329728245202705e-02 -3.801611758867388252e-02 6.935412285904443142e-01
-1.134603640239336020e+00 2.201415055050241154e+00 -5.286850521162773653e-01 -5.517775431452098117e-02 -4.331108057376846510e-03 7.085858538529434814e-01
-5.411975561036489468e-01 2.673631368150565457e+00 -5.089153677123764430e-01 -6.051492750985427993e-02 6.624296339209952665e-03 6.965771527520085993e-01
3.373276956231563428e-01 3.053677413809148256e+00 -5.410856421334550026e-01 -7.622970268717561837e-02 -1.264896116805972609e-04 6.947663185747963155e-01
-9.145938632651994249e-01 -2.759111297477064184e+00 6.003208401777803127e-01 -8.561263680498401585e-02 -8.038571221048462084e-03 6.836843636961494886e-01
-1.681549344676550595e+00 -2.219615530063026032e+00 4.562390365531396874e-01 -7.490762321483268593e-02 -1.961233126367160906e-02 6.855099356658391763e-01
-2.184512755612876500e+00 -1.469774004625723496e+00 1.003913174505578765e-01 -6.306589086124773924e-02 -1.355236158257238678e-02 6.944663307133916996e-01
-2.389332426313713675e+00 -7.803894227508314518e-01 -1.004090106336267413e-01 -5.802741246691585364e-02 -1.044497429030702591e-02 6.925591607722025866e-01
-2.361084910499021916e+00 -6.433224504603965443e-02 -2.692360339930496144e-02 -8.204691874277932062e-02 -6.235635032592180479e-03 6.894616370232076186e-01
-2.073731386780370833e+00 4.273920001741997043e-01 6.455367933477416942e-02 -8.301846899939027691e-02 1.333424574687459147e-02 6.964362957051954961e-01
-1.681833459065305680e+00 6.868414548226406957e-01 -2.461470230489034780e-02 -6.803407634609831556e-02 2.426493952789146591e-02 7.031599068933125363e-01
-1.434959477057998534e+00 1.050935001946994296e+00 -2.651930675301453905e-03 -6.343574684718576717e-02 3.064099208784640954e-02 6.995686454259050224e-01
-8.955466814150921939e-01 1.735336844572276327e+00 2.336222970500866913e-01 -5.838442143686302377e-02 2.420841401314367466e-02 7.240110744161559753e-01
-5.437030004919543025e-01 1.935261952590422663e+00 4.164331877028559781e-01 -5.021823075871825054e-02 3.637577704642780407e-02 7.274023961119907566e-01
1.765982384021857476e-01 2.516154639734930143e+00 8.357134873030026556e-01 -4.095673011656537216e-02 3.201203770617112865e-02 7.222457549273934019e-01
8.222761095623698502e-01 2.633964227067079555e+00 1.212511295345402695e+00 -2.688418681241198926e-02 3.617299165524492585e-03 7.435021556833768530e-01
-1.150259035066897750e+00 -2.040642961755337659e+00 -1.341763416263933806e+00 -2.935202452971612599e-02 3.102271402131751270e-03 7.467677189628113554e-01
-1.159370258708307455e+00 -1.422522838141506041e+00 -1.292384637095357780e+00 -3.519827984194755927e-02 1.081203261266088997e-02 7.511789077852265573e-01
-1.183153217226323717e+00 -7.406437182881785430e-01 -1.021962551293644994e+00 -3.578931411730727763e-02 6.268156557727603238e-03 7.286714506950101589e-01
-1.198907339913341863e+00 -4.558880999599210226e-01 -9.319044698615650546e-01 -3.563492970631267770e-02 2.126711559500225109e-03 6.944535210163357286e-01
-1.028393017448375080e+00 1.838058710724046751e-01 -5.762802438002049277e-01 -3.762691490833577901e-02 6.084603822872983354e-03 6.738723484614199677e-01
-5.957141564338498396e-01 1.022892918464449519e+00 -4.649124653294740492e-03 -2.214566266888780277e-02 -1.394664620001727709e-02 6.756882857734437531e-01
-4.510394162743078250e-01 1.136733981673970328e+00 2.018312048689096527e-01 -2.397609971666382275e-02 -1.675834067334250679e-02 6.926508681434300208e-01
-3.173945907423309509e-01 1.469357784372129716e+00 4.930652206185109909e-01 -3.519320291415672930e-02 -5.871007338380718112e-04 6.954654419191073078e-01
1.972975209101199279e-01 1.963328666677799816e+00 1.160605095508254747e+00 -3.580267737223412350e-02 8.601781692644286078e-04 7.202502160090231698e-01
5.798123386112964406e-01 2.356902912861619903e+00 1.748992417195861737e+00 -4.476835383712521321e-02 1.266058895825297910e-02 7.191778588033915787e-01
-8.530653844304053601e-01 -2.069923824573653537e+00 -1.737132436232109223e+00 -4.196287247831966688e-02 9.635297944791560223e-03 7.208123095147712656e-01
-1.002719128051366981e+00 -1.178687067544283540e+00 -1.277718029965335012e+00 -4.690793096852656496e-02 9.527289416992637885e-03 7.070126219722513428e-01
-1.053026383693959955e+00 -7.328724095526785165e-01 -9.882748113471103713e-01 -5.019219167982545693e-02 1.390916101618500100e-02 7.003640098031135297e-01
-1.237189821155249669e+00 2.683146571751975767e-02 -5.453387315349005338e-01 -5.075066332755304166e-02 1.132921079315298701e-02 6.973813059248791246e-01
-1.396971478305493175e+00 3.814133921641642555e-01 -4.053524263134267169e-01 -5.857236515835970159e-02 2.241370699195960325e-02 6.952911151993954597e-01
-1.305120138538938157e+00 1.179999012027705962e+00 -2.421250539902530530e-01 -6.011807879890217199e-02 2.298259517851236264e-02 6.697006671796449373e-01
-1.249019593702291875e+00 1.642737652282888705e+00 -2.503716472480992383e-01 -6.913188177531849610e-02 1.666730656415922607e-02 6.735923493690523234e-01
-7.494523353680082600e-01 2.127435700478466085e+00 -3.419955324847427369e-01 -5.411200871225720077e-02 -1.535616542197847881e-03 6.704413683612558961e-01
1.734502128933828602e-01 2.677498201148121648e+00 -1.285815085561170523e-01 -4.965225822144107848e-02 -2.083883881594487605e-02 6.838827981257686872e-01
1.158148661047539552e+00 2.727050638516711700e+00 3.808127898672873657e-02 -3.831605391229329916e-02 -2.512133059575184790e-02 6.961729283440840632e-01
-1.690173822112648994e+00 -2.489071960932646377e+00 -3.625830741199664864e-01 -3.569656652552560122e-02 -5.889247401952188779e-03 7.032423614048178839e-01
-2.012316910979771833e+00 -1.934514707072038764e+00 -4.147841825145044958e-01 -3.603048316057048256e-02 9.251378799466901739e-03 6.886140880679398890e-01
-2.216350544012241297e+00 -9.999269238989405562e-01 -3.371157665184613128e-01 -4.651256690658121806e-02 1.137066041350102627e-02 6.792771618462973837e-01
-2.320522104900367477e+00 -2.621415438884410198e-01 -2.469667503932772012e-01 -5.536261872541856088e-02 -9.038397669438131762e-03 6.696000161196884459e-01
-2.165496919159399791e+00 4.350109304760216844e-01 -3.562041994532165745e-01 -5.549919160404651053e-02 -1.404637261871861421e-02 6.852051118370318106e-01
-1.901180599263997628e+00 1.092886533803773652e+00 -3.147952127975046643e-01 -6.697410241249848739e-02 -1.455820134399597038e-02 6.904017713914245569e-01
-1.531773611812903502e+00 1.764099176564972282e+00 -1.953464689252922826e-01 -8.203536586528682728e-02 -1.208137789801578578e-02 6.979016733706168152e-01
-1.141215679142018935e+00 2.195142019655382803e+00 -6.497741790363770198e-02 -8.089862526344709925e-02 1.400585587911667680e-03 7.013416061825202830e-01
-6.885238991224446048e-01 2.519154517008522554e+00 1.768694005015041260e-01 -7.682638027276623982e-02 3.483633387698475189e-03 7.047558371163097357e-01
-5.387253042211154197e-01 2.516255508772931471e+00 3.399051667157828027e-01 -7.250203825423699733e-02 1.337469340439236681e-02 7.111497994921540666e-01
2.426078813317768534e-01 2.795931205732690827e+00 8.045824051816058420e-01 -6.506946776844846347e-02 2.840736949637124795e-02 7.245722090572979113e-01
-8.438387219900965741e-01 -2.475526002489814470e+00 -1.052769572212856275e+00 -6.475241343827907448e-02 3.755312500780698393e-02 7.197896231291556202e-01
-1.083007258665003469e+00 -1.727083608722687069e+00 -1.043858262239408585e+00 -6.177231061820214614e-02 4.602633489531033489e-02 7.377072895678435938e-01
-1.225320987407896522e+00 -6.781203860335867084e-01 -6.273123127441037061e-01 -6.556444844791076143e-02 4.584137556367388899e-02 7.277821053000631535e-01
-1.014042476451530561e+00 1.172134041462478266e-01 -2.453089221311333390e-01 -6.456219430119278235e-02 4.822653768465041957e-02 7.390724592084745304e-01
-8.566345656203886438e-01 5.122422631949398175e-01 8.976313331009436181e-02 -7.217083193533670171e-02 4.641928651318919657e-02 7.425361529230856128e-01
-7.220692376527980683e-01 1.115237117903761010e+00 3.979580125966757365e-01 -5.908197398196343708e-02 4.723019643862161332e-02 7.327412504119147352e-01
-4.690686032927710025e-01 1.545810407452391066e+00 7.100189983582387843e-01 -5.026657001123631396e-02 4.231763490223514057e-02 7.240473849144017926e-01
-7.007624902979386894e-02 2.130348624235649080e+00 1.291209836744569017e+00 -5.975013350362549241e-02 4.775523177583410050e-02 7.211012383141142124e-01
2.927104810365296905e-01 2.471516094189861956e+00 1.599482161730232832e+00 -5.765532381925873862e-02 3.139055833814130558e-02 7.072124920537821158e-01
-5.477987020529260231e-01 -2.134268814705984507e+00 -1.657369410031578116e+00 -5.900222428094221983e-02 2.596301016318137284e-02 7.203651767992528265e-01
-7.338879359479728581e-01 -1.464636688256183428e+00 -1.339535674364128237e+00 -5.156503990945397742e-02 2.397133566340159741e-02 7.216432697919147321e-01
-7.192075009707254996e-01 -8.275732012629534173e-01 -9.178381059362283878e-01 -5.659538871737761212e-02 1.016406652200328199e-02 7.183197016746598607e-01
-7.282408282225966145e-01 -3.449309877020573234e-01 -5.854118974503338402e-01 -4.980800611184998256e-02 1.736502610096678223e-02 7.136648304291803857e-01
-5.548522068502996785e-01 2.811458685095133969e-01 3.333199873194211179e-03 -5.411787746832958518e-02 1.575671761679233937e-02 7.121740102783966631e-01
-3.909232579554113851e-01 7.426786160985275886e-01 4.700345854565914361e-01 -5.474509438629292235e-02 1.114265354828282602e-02 7.111941658311804471e-01
-2.086437829998852578e-01 1.303200834405249697e+00 1.068639632779358362e+00 -5.979459744036210583e-02 1.451303150692316232e-02 6.984836061300981891e-01
6.866260834468773666e-02 1.800863991647355222e+00 1.808361252796344187e+00 -6.207032273470661221e-02 8.399663170729864195e-03 7.108647881381475742e-01
-2.502085233241839735e-01 -2.138611976538632220e+00 -2.210120907484627306e+00 -6.793203213191004175e-02 1.035669447223793241e-02 7.020427889924174547e-01
-4.922884596118968226e-01 -1.346642430472146268e+00 -1.489953773051847952e+00 -6.313546611159581712e-02 1.032483001922695348e-02 7.063765682792094713e-01
-8.330183532096770982e-01 -9.198902595752038724e-01 -8.252335932646058803e-01 -7.467677074071997489e-02 2.762396092424509314e-02 6.784828953772160665e-01
-1.104302128228937807e+00 -5.913970628045868150e-01 -6.135185902240357647e-01 -6.998887210530424507e-02 3.386621683873886068e-02 6.812128072741491236e-01
-1.381442369737449383e+00 -2.435464144719116930e-01 -4.943943189510999758e-01 -5.990833013629329185e-02 3.888821657228492407e-02 6.782443554648138750e-01
-1.388148216669004675e+00 8.509826819696434397e-01 -2.786206030010748291e-01 -5.611781127423422916e-02 3.993872192982952235e-02 6.624481657100850240e-01
-1.273065625926651068e+00 1.664340655503290023e+00 -3.123079091440508770e-01 -6.117745416814844572e-02 1.614138225491767303e-02 6.365189247178502097e-01
-6.096715181909720949e-01 2.472253610281107683e+00 -3.938496523889178369e-01 -6.529770528297472454e-02 -4.822050327279888554e-03 6.320681257061202540e-01
5.967503418759784878e-02 2.822149295275552916e+00 -3.205281204109492466e-01 -7.593483822843986875e-02 -6.131457299352244261e-03 6.603783733031668435e-01
-1.177578804737750895e+00 -2.816943518016679970e+00 3.300576891299139004e-01 -8.267245819532723083e-02 -1.216316023109174915e-02 6.626704554489896148e-01
-1.651805977081276078e+00 -2.075044244486658140e+00 8.347844828428888087e-02 -9.770062292935030590e-02 4.549678014391132091e-03 6.649569298007450557e-01
-2.163487943347503606e+00 -1.365260230814248077e+00 -2.325993697043527222e-02 -8.746026658902665563e-02 -1.369113301028964877e-02 6.606313794485555446e-01
-2.306561900269151533e+00 -5.783880271463111011e-01 -2.948306450080337981e-01 -5.947208811971272518e-02 -2.677818641133253991e-02 6.850283086766731921e-01
-2.107957471087268608e+00 3.047260374007231265e-01 -4.213826553624583915e-01 -3.771937795163231993e-02 2.342944953983416585e-03 7.019135916760487204e-01
-1.765399258914279734e+00 1.227142138093175960e+00 -3.775171825988283825e-01 -4.478890608901396619e-02 1.367193286630525098e-02 6.971276359972985448e-01
-1.292209602835874716e+00 2.087229699917651171e+00 -2.409951473711296199e-01 -6.492844469930314499e-02 1.221955252538508771e-02 6.907366496276357015e-01
-5.534847553232917772e-01 2.673304250721783237e+00 -2.928262244893281574e-01 -6.368885502194679415e-02 2.613398909812198953e-03 6.912776868018918330e-01
2.296127831453984303e-01 3.021556619886361261e+00 -2.039646947424174350e-01 -7.021874275012360278e-02 2.769279723128680992e-03 6.932494632149447389e-01
-1.056312757253147439e+00 -2.531925832284529054e+00 -9.979449578245581931e-02 -7.962002649390929887e-02 1.372174725915206728e-02 6.915207316574681906e-01
-1.229505111565890374e+00 -2.101031406910641941e+00 -5.119995098284492174e-01 -6.647499382782653954e-02 1.948458833363345480e-02 7.036023638112003376e-01
-1.432027680135004921e+00 -9.958081910131183490e-01 -3.953307653896761531e-01 -7.146210471909088258e-02 2.140683176600183257e-02 6.942614308765214792e-01
-1.314773762289898063e+00 -6.213890799979676638e-01 -4.235526087290233943e-01 -5.771614387416765940e-02 1.806504206004062515e-02 7.077987777100051003e-01
-1.003599666670741186e+00 3.702112236363495623e-01 -1.436421166444927233e-01 -2.640190659750858357e-02 7.663088282680619555e-03 7.371718932129257551e-01
-7.217432681511508630e-01 7.804846986206958048e-01 1.896404639336338183e-01 -2.967624719770016462e-02 1.756766563078576010e-02 7.520641000333171400e-01
-2.215294442286198373e-01 1.589965139892770996e+00 1.101247194160816623e+00 -3.853542490190470238e-02 2.263598239772079967e-02 7.524575841559230094e-01
1.651828387366128040e-02 1.997492411880156027e+00 1.743730873996244268e+00 -5.146609590584234201e-02 2.648264954988855530e-02 7.556798868492232701e-01
-2.813445973904051267e-01 -2.207683299478531147e+00 -2.052572824387984607e+00 -4.549263471792371755e-02 2.995068264172736847e-02 7.522044450241067715e-01
-5.353792588420518417e-01 -1.584300981912557083e+00 -1.455301673913021121e+00 -4.328918739012708322e-02 3.541602278511726126e-02 7.332828136159138532e-01
-6.311491822785412209e-01 -7.583676998677997272e-01 -7.933981407615030568e-01 -4.381777234147906513e-02 2.781513609777833476e-02 7.187199585966302928e-01
-5.388384708528586309e-01 -4.169165131731651652e-02 -1.653256277875542191e-01 -4.288674183195104184e-02 2.575742489093776552e-02 7.136265025940439211e-01
-4.675503829356125740e-01 3.728507335062263839e-01 3.012432615811391212e-01 -4.753002233605992111e-02 2.348754719857527526e-02 7.032076355687690850e-01
-3.881896444701490867e-01 9.529104748511937339e-01 8.473743400345172816e-01 -4.434863972089379824e-02 2.599387318266659086e-02 7.026274237744742912e-01
-1.878115108300256186e-01 1.494962429709354446e+00 1.445074800129159565e+00 -4.294899797902671651e-02 2.580824914061426861e-02 7.061656621264444933e-01
-5.868670222299983419e-02 1.894100349731086652e+00 1.754620910899239661e+00 -4.651343189890736612e-02 3.130217300837435240e-02 7.000724272022171846e-01
-4.575887486930265147e-01 -1.925547838348774521e+00 -1.815295498670159491e+00 -2.943507096122571429e-02 3.446928040416786382e-02 6.922846293891768976e-01
-6.471841217696121529e-01 -1.547022995488225083e+00 -1.242757472749397962e+00 -4.444359244449225255e-02 4.374876242396222303e-02 6.778777326342998455e-01
-1.096897801839746833e+00 -1.434033427787360093e+00 -8.710051115804493538e-01 -5.022912534981276156e-02 4.952032432041416493e-02 6.786530585408366845e-01
-1.583440491212025236e+00 -1.303950488910784244e+00 -5.919881449001498375e-01 -5.406070224472560998e-02 4.106571691022353754e-02 6.629024870758614130e-01
-1.817173077004943238e+00 -5.444132400303099972e-01 -4.428810773921115218e-01 -5.288131247965881937e-02 4.040230975819612130e-02 6.571249973337562889e-01
-1.915589268175946103e+00 3.343902285893292636e-01 -3.792364748328589941e-01 -5.225860186572698490e-02 1.536733829016899075e-02 6.489723663706807866e-01
-1.627708441465961275e+00 9.608476991321664995e-01 -3.630146904952272213e-01 -4.731321519901066780e-02 2.043758341046119503e-02 6.682396988553171990e-01
-1.047882761981057342e+00 1.839515549829338292e+00 -1.830721585315939759e-01 -5.052356142236454073e-02 2.931409275564000882e-02 6.659867722593199035e-01
-1.146223024814557595e-01 2.634818549426996892e+00 -1.421749453661603005e-02 -5.599939501164220151e-02 2.853068120883043082e-02 6.577681202684643180e-01
5.384239145035938368e-01 2.941200045478433278e+00 -4.516587363068991917e-02 -6.908609015545162657e-02 1.224969323108915896e-02 6.468511843049015164e-01
-1.321547883768440013e+00 -2.783993578820564974e+00 1.293161488727065656e-01 -6.331218298844017156e-02 -8.998117157663722276e-03 6.608137503364055476e-01
-1.946097779153167728e+00 -2.055585874061786722e+00 -7.739428271748988175e-02 -6.650923006342053523e-02 -1.574577440132972697e-02 6.764872028109002455e-01
-2.273334415119673935e+00 -1.146877607964362555e+00 -2.867428926676464651e-01 -7.250533591313140791e-02 -5.190849953337548645e-03 6.816418175980331062e-01
-2.241627072993867653e+00 1.315770077750653411e-01 -3.689531773877234300e-01 -8.409774822871721178e-02 2.578585377908640570e-03 6.695244618646171153e-01
-1.715139455971959714e+00 1.446015461494847720e+00 -4.061482947564815094e-01 -8.646044247588027809e-02 5.378349426362664075e-03 6.657440810356981542e-01
-1.230017449456586753e+00 2.125182523479669960e+00 -4.443281978971001522e-01 -9.604641420858604783e-02 -2.497268503150974414e-03 6.605397596534345883e-01
-5.116293211336474522e-01 2.526275183639828281e+00 -4.409318570578823482e-01 -6.706898594257366952e-02 -1.674833344498174309e-02 6.794526539615325378e-01
4.250882736381514371e-01 2.906454667584030815e+00 -2.408677509975983566e-01 -4.918992783517957268e-02 -1.260316730819027384e-02 6.982157778168016637e-01
-1.511558674938284774e+00 -2.415129332263385553e+00 -4.717976772243764882e-02 -5.706737181862885089e-02 -2.096040396130306044e-03 7.082279719612311064e-01
